OK:
 - At tests

[tvkalvas@fys80 tests]$ ./lu_test 
Ac = 
    -1      0      0      1      0      0      0      0      0      0      0      0      0      0      0 
     0     -1      0      0      1      0      0      0      0      0      0      0      0      0      0 
     0      0     -1      0      0      1      0      0      0      0      0      0      0      0      0 
     1      0      0     -4      1      0      1      0      0      0      0      0      0      0      0 
     0      1      0      1     -4      1      0      1      0      0      0      0      0      0      0 
     0      0      1      0      1     -4      0      0      1      0      0      0      0      0      0 
     0      0      0      1      0      0     -4      1      0      1      0      0      0      0      0 
     0      0      0      0      1      0      1     -4      1      0      1      0      0      0      0 
     0      0      0      0      0      1      0      1     -4      0      0      1      0      0      0 
     0      0      0      0      0      0      1      0      0     -4      1      0      1      0      0 
     0      0      0      0      0      0      0      1      0      1     -4      1      0      1      0 
     0      0      0      0      0      0      0      0      1      0      1     -4      0      0      1 
     0      0      0      0      0      0      0      0      0      1      0      0     -1      0      0 
     0      0      0      0      0      0      0      0      0      0      1      0      0     -1      0 
     0      0      0      0      0      0      0      0      0      0      0      1      0      0     -1 
B = 
     0      0      0    -10     10 1.2473    -10      0     10    -10  -1129     10      0      0      0 
Lc = 
     0      0      0      0      0      0      0      0      0      0      0      0      0      0      0 
     0      0      0      0      0      0      0      0      0      0      0      0      0      0      0 
     0      0      0      0      0      0      0      0      0      0      0      0      0      0      0 
    -1      0      0      0      0      0      0      0      0      0      0      0      0      0      0 
     0     -1      0 -0.333      0      0      0      0      0      0      0      0      0      0      0 
     0      0     -1      0 -0.375      0      0      0      0      0      0      0      0      0      0 
     0      0      0 -0.333      0      0      0      0      0      0      0      0      0      0      0 
     0      0      0      0 -0.375      0 -0.272      0      0      0      0      0      0      0      0 
     0      0      0      0      0 -0.380      0 -0.298      0      0      0      0      0      0      0 
     0      0      0      0      0      0 -0.272      0      0      0      0      0      0      0      0 
     0      0      0      0      0      0      0 -0.298      0 -0.268      0      0      0      0      0 
     0      0      0      0      0      0      0      0 -0.301      0 -0.291      0      0      0      0 
     0      0      0      0      0      0      0      0      0 -0.268      0      0      0      0      0 
     0      0      0      0      0      0      0      0      0      0 -0.291      0      0      0      0 
     0      0      0      0      0      0      0      0      0      0      0 -0.293      0      0      0 
Uc = 
    -1      0      0      1      0      0      0      0      0      0      0      0      0      0      0 
     0     -1      0      0      1      0      0      0      0      0      0      0      0      0      0 
     0      0     -1      0      0      1      0      0      0      0      0      0      0      0      0 
     0      0      0     -3      1      0      1      0      0      0      0      0      0      0      0 
     0      0      0      0 -2.666      1      0      1      0      0      0      0      0      0      0 
     0      0      0      0      0 -2.625      0      0      1      0      0      0      0      0      0 
     0      0      0      0      0      0 -3.666      1      0      1      0      0      0      0      0 
     0      0      0      0      0      0      0 -3.352      1      0      1      0      0      0      0 
     0      0      0      0      0      0      0      0 -3.320      0      0      1      0      0      0 
     0      0      0      0      0      0      0      0      0 -3.727      1      0      1      0      0 
     0      0      0      0      0      0      0      0      0      0 -3.433      1      0      1      0 
     0      0      0      0      0      0      0      0      0      0      0 -3.407      0      0      1 
     0      0      0      0      0      0      0      0      0      0      0      0 -0.731      0      0 
     0      0      0      0      0      0      0      0      0      0      0      0      0 -0.708      0 
     0      0      0      0      0      0      0      0      0      0      0      0      0      0 -0.706 
Y = 
     0      0      0    -10 6.6666    2.5 -13.33 -1.136 10.613 -13.63  -1133 -316.7 -3.658 -329.9 -92.96 
Y_check = 
     0      0      0    -10 6.6666    2.5 -13.33 -1.136 10.613 -13.63  -1133 -316.7 -3.658 -329.9 -92.96 
X = 
     0      0      0    -10 6.6666    2.5 -13.33 -1.136 10.613 -13.63  -1133 -316.7 -3.658 -329.9 -92.96 
X_check = 
52.948 62.920 12.924 52.948 62.920 12.924 85.926 161.53 36.428  140.2 503.92 131.58      5 465.60 131.58 
[tvkalvas@fys80 tests]$ 


FAIL:

 - at distcheck
 - difference is at B(5)

Ac = 
    -1      0      0      1      0      0      0      0      0      0      0      0      0      0      0 
     0     -1      0      0      1      0      0      0      0      0      0      0      0      0      0 
     0      0     -1      0      0      1      0      0      0      0      0      0      0      0      0 
     1      0      0     -4      1      0      1      0      0      0      0      0      0      0      0 
     0      1      0      1     -4      1      0      1      0      0      0      0      0      0      0 
     0      0      1      0      1     -4      0      0      1      0      0      0      0      0      0 
     0      0      0      1      0      0     -4      1      0      1      0      0      0      0      0 
     0      0      0      0      1      0      1     -4      1      0      1      0      0      0      0 
     0      0      0      0      0      1      0      1     -4      0      0      1      0      0      0 
     0      0      0      0      0      0      1      0      0     -4      1      0      1      0      0 
     0      0      0      0      0      0      0      1      0      1     -4      1      0      1      0 
     0      0      0      0      0      0      0      0      1      0      1     -4      0      0      1 
     0      0      0      0      0      0      0      0      0      1      0      0     -1      0      0 
     0      0      0      0      0      0      0      0      0      0      1      0      0     -1      0 
     0      0      0      0      0      0      0      0      0      0      0      1      0      0     -1 
B = 
     0      0      0    -10     10 7.3451    -10      0     10    -10  -1129     10      0      0      0 
Lc = 
     0      0      0      0      0      0      0      0      0      0      0      0      0      0      0 
     0      0      0      0      0      0      0      0      0      0      0      0      0      0      0 
     0      0      0      0      0      0      0      0      0      0      0      0      0      0      0 
    -1      0      0      0      0      0      0      0      0      0      0      0      0      0      0 
     0     -1      0 -0.333      0      0      0      0      0      0      0      0      0      0      0 
     0      0     -1      0 -0.375      0      0      0      0      0      0      0      0      0      0 
     0      0      0 -0.333      0      0      0      0      0      0      0      0      0      0      0 
     0      0      0      0 -0.375      0 -0.272      0      0      0      0      0      0      0      0 
     0      0      0      0      0 -0.380      0 -0.298      0      0      0      0      0      0      0 
     0      0      0      0      0      0 -0.272      0      0      0      0      0      0      0      0 
     0      0      0      0      0      0      0 -0.298      0 -0.268      0      0      0      0      0 
     0      0      0      0      0      0      0      0 -0.301      0 -0.291      0      0      0      0 
     0      0      0      0      0      0      0      0      0 -0.268      0      0      0      0      0 
     0      0      0      0      0      0      0      0      0      0 -0.291      0      0      0      0 
     0      0      0      0      0      0      0      0      0      0      0 -0.293      0      0      0 
Uc = 
    -1      0      0      1      0      0      0      0      0      0      0      0      0      0      0 
     0     -1      0      0      1      0      0      0      0      0      0      0      0      0      0 
     0      0     -1      0      0      1      0      0      0      0      0      0      0      0      0 
     0      0      0     -3      1      0      1      0      0      0      0      0      0      0      0 
     0      0      0      0 -2.666      1      0      1      0      0      0      0      0      0      0 
     0      0      0      0      0 -2.625      0      0      1      0      0      0      0      0      0 
     0      0      0      0      0      0 -3.666      1      0      1      0      0      0      0      0 
     0      0      0      0      0      0      0 -3.352      1      0      1      0      0      0      0 
     0      0      0      0      0      0      0      0 -3.320      0      0      1      0      0      0 
     0      0      0      0      0      0      0      0      0 -3.727      1      0      1      0      0 
     0      0      0      0      0      0      0      0      0      0 -3.433      1      0      1      0 
     0      0      0      0      0      0      0      0      0      0      0 -3.407      0      0      1 
     0      0      0      0      0      0      0      0      0      0      0      0 -0.731      0      0 
     0      0      0      0      0      0      0      0      0      0      0      0      0 -0.708      0 
     0      0      0      0      0      0      0      0      0      0      0      0      0      0 -0.706 
Y = 
     0      0      0    -10 6.6666 7.3451 -13.33 -1.136 2.7981 -13.63  -1133 8.4263 -3.658 -329.9 2.4727 
Y_check = 
     0      0      0    -10 6.6666    2.5 -13.33 -1.136 10.613 -13.63  -1133 -316.7 -3.658 -329.9 -92.96 
X = 
     0      0      0    -10 6.6666 7.3451 -13.33 -1.136 2.7981 -13.63  -1133 8.4263 -3.658 -329.9 2.4727 
X_check = 
52.948 62.920 12.924 52.948 62.920 12.924 85.926 161.53 36.428  140.2 503.92 131.58      5 465.60 131.58 
Error at ../../tests/lu_test.cpp:148
FAIL: lu_test
